1000
8
10
13
19
24
27
33
38
49
52
53
66
67
76
77
87
88
90
112
113
114
116
118
119
123
125
139
140
148
149
153
157
162
166
168
172
173
178
181
187
193
194
202
207
211
212
217
223
225
232
233
241
242
243
247
254
256
257
261
263
268
269
273
274
280
283
284
287
293
294
297
298
299
301
304
308
309
310
315
319
320
321
325
326
327
329
333
335
336
347
357
360
372
373
379
381
387
388
391
395
398
402
408
410
411
412
415
417
418
421
423
462
463
475
479
483
487
488
492
507
509
526
536
543
550
553
557
562
571
576
581
589
592
595
596
599
600
613
617
620
625
629
630
634
637
647
654
656
665
666
667
677
679
680
681
686
692
695
700
703
705
706
708
709
712
722
726
731
733
736
742
747
751
758
762
770
771
776
782
786
791
793
797
799
802
807
812
815
816
817
822
824
830
831
837
849
853
857
859
869
871
872
874
876
877
878
884
889
895
896
900
908
911
915
919
923
925
928
934
935
937
944
947
948
953
957
960
961
964
965
971
975
978
979
980
984
985
987
995
997
1003
1008
1009
1023
1024
1025
1027
1033
1035
1038
1044
1048
1055
1062
1063
1064
1066
1075
1076
1078
1080
1081
1082
1085
1086
1088
1091
1096
1098
1099
1100
1105
1113
1120
1126
1127
1128
1131
1134
1137
1140
1143
1146
1152
1157
1167
1168
1171
1173
1175
1177
1179
1181
1182
1183
1184
1194
1195
1199
1201
1202
1217
1220
1229
1230
1234
1235
1242
1246
1248
1250
1253
1258
1260
1261
1262
1265
1267
1268
1270
1271
1274
1277
1278
1285
1290
1293
1297
1301
1302
1309
1311
1312
1314
1318
1322
1325
1326
1330
1335
1337
1339
1345
1351
1354
1356
1358
1363
1366
1367
1369
1370
1373
1374
1376
1381
1391
1395
1401
1404
1419
1424
1432
1433
1434
1435
1436
1440
1441
1443
1445
1449
1450
1455
1465
1466
1471
1472
1477
1478
1480
1485
1486
1489
1493
1494
1498
1499
1510
1511
1513
1514
1516
1521
1522
1527
1534
1541
1542
1546
1550
1553
1554
1555
1559
1561
1565
1569
1571
1573
1574
1575
1577
1578
1581
1592
1596
1598
1601
1620
1624
1626
1628
1629
1630
1632
1635
1637
1638
1640
1644
1647
1649
1651
1654
1655
1662
1663
1668
1670
1671
1679
1680
1688
1691
1696
1698
1700
1703
1704
1706
1709
1714
1717
1719
1720
1728
1731
1735
1739
1742
1747
1753
1765
1776
1778
1784
1785
1789
1793
1799
1801
1808
1813
1814
1817
1819
1825
1827
1829
1834
1837
1839
1843
1844
1857
1862
1863
1866
1868
1869
1870
1872
1886
1890
1895
1904
1906
1911
1913
1915
1918
1922
1927
1929
1931
1939
1940
1942
1946
1948
1954
1957
1959
1961
1963
1966
1973
1978
1981
1983
1989
1995
1997
1998
2004
2005
2010
2015
2016
2022
2026
2043
2047
2055
2067
2071
2076
2078
2080
2088
2098
2099
2100
2107
2110
2111
2117
2124
2127
2134
2135
2140
2141
2150
2151
2155
2156
2167
2169
2180
2182
2185
2189
2192
2194
2199
2202
2206
2209
2213
2214
2215
2232
2236
2239
2240
2247
2248
2261
2270
2271
2272
2276
2283
2288
2291
2297
2299
2300
2304
2306
2309
2318
2331
2332
2333
2336
2340
2342
2343
2345
2363
2367
2374
2375
2377
2379
2387
2391
2393
2394
2395
2397
2400
2402
2405
2407
2410
2419
2423
2427
2431
2438
2442
2446
2450
2456
2465
2466
2468
2469
2471
2472
2480
2494
2496
2511
2517
2527
2528
2529
2537
2539
2540
2541
2542
2546
2548
2549
2550
2554
2555
2557
2561
2563
2566
2569
2572
2573
2574
2575
2577
2579
2589
2591
2593
2594
2601
2603
2606
2607
2608
2617
2620
2624
2625
2633
2634
2640
2645
2646
2649
2653
2654
2658
2665
2667
2668
2671
2673
2675
2678
2679
2683
2694
2703
2708
2712
2717
2718
2721
2726
2728
2736
2743
2746
2748
2752
2753
2756
2763
2765
2775
2789
2797
2801
2804
2807
2808
2809
2813
2817
2819
2822
2826
2831
2837
2842
2844
2846
2848
2855
2857
2858
2859
2866
2868
2873
2877
2884
2902
2903
2905
2907
2913
2923
2927
2930
2943
2944
2950
2951
2952
2954
2956
2965
2966
2969
2971
2974
2977
2979
2981
2982
2992
2993
2994
2996
3008
3017
3018
3022
3024
3027
3033
3035
3040
3041
3048
3050
3055
3056
3059
3060
3068
3073
3085
3088
3090
3092
3093
3096
3098
3100
3104
3119
3128
3135
3138
3139
3140
3147
3149
3153
3169
3171
3172
3176
3178
3179
3190
3191
3196
3198
3199
3216
3221
3223
3224
3229
3232
3234
3243
3245
3250
3251
3255
3261
3265
3269
3276
3278
3280
3283
3284
3285
3295
3298
3316
3317
3325
3327
3330
3337
3339
3341
3348
3350
3362
3365
3367
3373
3377
3380
3381
3384
3394
3400
3411
3423
3426
3427
3429
3430
3434
3436
3443
3445
3446
3448
3455
3462
3466
3469
3487
3491
3494
3497
3498
3506
3507
3518
3519
3538
3539
3541
3543
3550
3552
3554
3555
3556
3562
3563
3565
3568
3579
3582
3586
3589
3590
3593
3595
3598
3599
3605
3606
3607
3609
3611
3615
3616
3619
3628
3632
3633
3641
3654
3661
3665
3666
3669
3670
3672
3674
3675
3678
3681
3683
3684
3701
3705
3721
3723
3724
3727
3729
3735
3740
3745
3747
3748
3750
3751
3755
3761
3762
3772
3778
3779
3782
3783
3784
3785
3791
3793
3800
3803
3807
3809
3810
3813
3814
3818
3832
3836
3847
3856
3861
3862
3869
3871
3874
3880
3882
3897
3898
3903
3905
3908
3909
3910
3912
3916
3922
3929
3936
3938
3943
3944
3955
3958
3960
3965
3966
3974
3975
3985
3989
