2000
3
4
16
20
28
30
36
38
39
42
51
52
54
58
61
62
63
64
65
66
69
71
74
77
92
101
104
113
116
120
121
127
135
138
139
140
143
148
151
155
156
157
167
169
171
182
185
192
193
200
202
211
215
222
225
229
230
233
243
247
249
253
254
255
264
266
267
274
275
276
279
281
282
286
291
304
306
307
308
309
312
319
323
325
326
329
335
348
349
350
351
353
362
367
376
380
388
389
390
392
395
397
402
408
410
414
415
419
420
422
428
430
440
442
447
455
457
468
470
473
482
487
492
493
496
503
508
509
510
517
519
525
526
539
543
546
553
559
565
574
579
583
585
589
597
600
603
604
620
622
624
626
628
629
645
652
657
660
661
665
666
676
684
685
687
688
690
692
695
698
699
701
706
710
725
727
734
743
748
750
756
761
765
768
772
780
782
786
791
797
806
807
810
811
816
818
824
830
843
848
851
852
853
855
858
866
872
878
886
889
893
895
896
899
901
905
906
907
909
912
914
918
919
920
925
927
930
940
941
942
943
946
949
952
957
960
962
964
965
966
973
978
981
983
984
987
988
991
993
994
998
1000
1001
1007
1014
1015
1019
1020
1023
1029
1030
1031
1036
1048
1050
1052
1053
1058
1061
1069
1072
1076
1078
1080
1086
1087
1090
1091
1093
1096
1097
1098
1099
1106
1107
1114
1115
1118
1119
1120
1121
1124
1128
1130
1131
1132
1133
1137
1142
1143
1149
1163
1165
1168
1173
1177
1181
1184
1185
1186
1194
1195
1197
1202
1212
1213
1226
1229
1231
1245
1246
1253
1257
1258
1260
1262
1264
1267
1269
1273
1278
1280
1282
1284
1294
1295
1298
1302
1305
1313
1321
1322
1334
1339
1340
1341
1343
1345
1348
1353
1356
1357
1359
1365
1374
1375
1389
1393
1396
1399
1404
1405
1413
1420
1428
1436
1438
1441
1443
1445
1447
1449
1450
1455
1456
1459
1461
1471
1475
1476
1481
1487
1488
1495
1499
1503
1508
1516
1518
1520
1522
1525
1526
1532
1533
1535
1537
1544
1546
1547
1549
1551
1557
1565
1572
1573
1578
1581
1583
1590
1592
1595
1598
1599
1600
1601
1610
1611
1621
1643
1644
1645
1658
1662
1667
1673
1678
1683
1684
1689
1690
1693
1694
1695
1697
1713
1714
1718
1721
1722
1729
1731
1733
1735
1738
1746
1752
1759
1764
1768
1772
1773
1776
1781
1784
1786
1804
1807
1808
1816
1818
1823
1825
1834
1835
1844
1849
1852
1853
1855
1867
1874
1875
1878
1883
1885
1888
1890
1895
1904
1906
1910
1911
1914
1920
1925
1926
1927
1930
1932
1935
1936
1937
1939
1943
1945
1946
1952
1953
1955
1957
1961
1964
1965
1967
1968
1969
1975
1978
1982
1983
1989
1993
1994
1998
2001
2004
2006
2011
2017
2023
2024
2025
2030
2031
2034
2037
2039
2040
2042
2043
2045
2048
2050
2051
2056
2058
2061
2063
2068
2072
2085
2088
2091
2098
2101
2106
2108
2110
2112
2113
2114
2118
2122
2123
2125
2127
2129
2134
2136
2138
2139
2141
2143
2144
2146
2154
2155
2158
2164
2170
2173
2177
2180
2181
2185
2188
2195
2196
2197
2201
2204
2208
2210
2211
2228
2235
2242
2249
2252
2253
2254
2265
2267
2274
2276
2279
2285
2291
2293
2296
2304
2305
2311
2315
2316
2322
2323
2327
2330
2336
2339
2340
2345
2347
2348
2356
2357
2358
2361
2366
2367
2377
2378
2387
2390
2393
2398
2401
2404
2406
2410
2413
2415
2417
2418
2419
2423
2425
2426
2446
2447
2449
2450
2452
2459
2469
2475
2479
2485
2489
2491
2492
2493
2495
2499
2502
2506
2513
2519
2526
2529
2530
2531
2538
2539
2546
2550
2553
2559
2567
2576
2577
2582
2590
2594
2608
2610
2613
2617
2618
2624
2625
2628
2631
2633
2638
2643
2644
2648
2649
2651
2652
2657
2662
2669
2670
2673
2675
2676
2680
2683
2686
2689
2698
2702
2703
2711
2712
2717
2723
2729
2736
2738
2756
2759
2762
2765
2767
2775
2776
2777
2781
2783
2784
2786
2789
2791
2798
2799
2800
2805
2808
2817
2818
2819
2820
2822
2823
2829
2830
2834
2835
2836
2837
2851
2854
2861
2862
2868
2870
2874
2880
2884
2886
2890
2901
2902
2909
2911
2914
2921
2935
2938
2941
2945
2946
2960
2964
2965
2968
2969
2971
2977
2982
3006
3007
3011
3017
3018
3023
3026
3031
3032
3051
3055
3059
3066
3072
3079
3087
3088
3097
3107
3108
3109
3112
3113
3122
3126
3127
3129
3134
3144
3146
3153
3156
3160
3163
3171
3173
3174
3177
3187
3193
3194
3195
3198
3201
3212
3226
3227
3228
3232
3238
3239
3243
3244
3246
3249
3254
3255
3262
3264
3265
3273
3275
3277
3281
3286
3290
3291
3293
3301
3303
3304
3305
3309
3317
3322
3326
3332
3339
3340
3341
3346
3349
3350
3353
3356
3360
3376
3378
3379
3383
3392
3395
3398
3402
3403
3404
3408
3424
3427
3430
3431
3441
3445
3446
3448
3452
3455
3457
3460
3462
3465
3477
3482
3487
3490
3493
3497
3498
3516
3520
3528
3535
3539
3540
3544
3548
3549
3551
3553
3557
3558
3559
3563
3568
3575
3582
3585
3594
3598
3610
3613
3614
3615
3620
3623
3632
3633
3641
3644
3646
3653
3662
3663
3666
3668
3671
3672
3699
3703
3704
3705
3708
3711
3716
3720
3723
3727
3733
3736
3743
3747
3750
3752
3758
3759
3766
3767
3769
3771
3772
3773
3776
3780
3793
3798
3800
3808
3812
3813
3814
3815
3817
3821
3825
3828
3845
3853
3854
3856
3858
3866
3869
3875
3878
3890
3892
3893
3895
3904
3906
3909
3910
3911
3927
3930
3932
3949
3950
3951
3954
3958
3960
3961
3969
3974
3981
3983
3987
3991
3998
3999
4000
4001
4003
4012
4018
4031
4039
4045
4048
4055
4066
4070
4072
4074
4075
4078
4081
4086
4089
4090
4091
4099
4103
4105
4116
4127
4132
4134
4139
4142
4146
4149
4160
4166
4178
4182
4186
4190
4194
4196
4200
4204
4205
4211
4214
4216
4226
4227
4231
4234
4239
4243
4244
4245
4246
4250
4251
4259
4263
4271
4276
4281
4284
4291
4294
4301
4304
4306
4311
4313
4315
4320
4323
4324
4326
4336
4342
4353
4358
4361
4362
4364
4365
4366
4367
4373
4374
4379
4388
4389
4392
4403
4404
4406
4408
4409
4413
4415
4417
4418
4420
4422
4424
4426
4428
4432
4434
4438
4448
4453
4455
4459
4468
4475
4482
4485
4495
4498
4504
4511
4518
4527
4536
4540
4556
4557
4565
4566
4568
4572
4575
4576
4578
4581
4583
4586
4588
4589
4594
4597
4603
4604
4612
4613
4619
4621
4622
4626
4640
4655
4657
4659
4660
4663
4665
4671
4672
4674
4680
4685
4693
4694
4695
4712
4715
4717
4720
4725
4726
4729
4733
4738
4739
4744
4745
4755
4760
4761
4762
4768
4770
4771
4772
4774
4781
4782
4783
4785
4790
4796
4801
4804
4806
4818
4821
4830
4836
4837
4838
4842
4846
4850
4855
4856
4863
4866
4868
4870
4882
4887
4889
4895
4903
4910
4912
4919
4923
4924
4925
4934
4941
4947
4951
4952
4956
4960
4965
4966
4967
4970
4972
4974
4981
4983
4987
5006
5015
5016
5020
5023
5030
5038
5040
5041
5044
5048
5050
5056
5059
5061
5065
5068
5073
5077
5084
5087
5093
5100
5108
5117
5128
5132
5134
5136
5147
5149
5157
5158
5160
5167
5171
5174
5181
5183
5192
5196
5198
5202
5203
5208
5210
5211
5212
5213
5220
5221
5222
5226
5232
5236
5238
5243
5246
5250
5256
5261
5266
5270
5274
5277
5280
5282
5283
5287
5289
5293
5295
5310
5311
5312
5313
5314
5318
5325
5331
5332
5333
5335
5341
5345
5350
5352
5354
5356
5357
5359
5360
5365
5370
5371
5377
5378
5387
5390
5394
5396
5398
5402
5403
5406
5415
5420
5423
5427
5430
5431
5434
5438
5443
5446
5454
5455
5464
5465
5472
5474
5476
5477
5478
5481
5484
5488
5489
5493
5494
5495
5497
5498
5500
5504
5511
5512
5514
5523
5529
5534
5535
5541
5545
5548
5550
5551
5557
5560
5565
5567
5569
5572
5573
5576
5577
5581
5582
5584
5589
5591
5598
5599
5609
5612
5614
5615
5618
5621
5624
5626
5628
5632
5633
5637
5639
5642
5644
5645
5646
5647
5653
5655
5656
5660
5665
5667
5686
5691
5694
5702
5703
5708
5717
5727
5728
5736
5739
5740
5750
5753
5760
5762
5767
5773
5774
5781
5782
5783
5787
5790
5791
5792
5799
5801
5812
5813
5814
5815
5820
5827
5832
5836
5837
5838
5840
5843
5845
5847
5853
5855
5858
5872
5876
5885
5889
5891
5895
5900
5904
5907
5914
5918
5921
5922
5924
5929
5931
5932
5936
5944
5947
5955
5960
5968
5969
5970
5983
5989
5991
5998
6016
6018
6019
6025
6026
6029
6034
6044
6045
6047
6048
6057
6058
6059
6064
6067
6068
6078
6079
6083
6091
6095
6102
6106
6120
6124
6137
6146
6149
6151
6155
6158
6163
6165
6168
6169
6173
6176
6181
6191
6192
6194
6195
6201
6206
6207
6212
6215
6216
6221
6226
6231
6235
6243
6246
6247
6248
6256
6259
6265
6266
6267
6268
6269
6285
6288
6295
6303
6305
6308
6309
6314
6319
6321
6322
6326
6329
6333
6337
6338
6339
6342
6349
6351
6352
6355
6358
6359
6365
6369
6370
6373
6374
6383
6388
6393
6395
6396
6398
6400
6403
6405
6410
6413
6417
6432
6433
6434
6436
6449
6450
6451
6454
6456
6457
6465
6475
6480
6481
6483
6486
6497
6498
6501
6504
6505
6506
6507
6513
6518
6521
6527
6528
6530
6531
6534
6555
6556
6562
6568
6569
6574
6582
6583
6584
6587
6593
6595
6598
6602
6607
6611
6612
6613
6619
6622
6629
6630
6632
6640
6648
6649
6654
6655
6658
6670
6675
6677
6683
6685
6687
6700
6703
6710
6711
6712
6713
6715
6718
6725
6726
6727
6729
6734
6735
6738
6754
6758
6760
6761
6765
6767
6777
6783
6785
6794
6809
6813
6816
6818
6819
6822
6835
6845
6850
6851
6854
6855
6859
6860
6867
6869
6883
6884
6886
6892
6898
6899
6902
6903
6907
6909
6911
6915
6925
6928
6933
6934
6938
6940
6951
6952
6953
6960
6964
6972
6973
6975
6977
6979
6980
6981
6984
6990
6998
7001
7008
7015
7025
7032
7033
7035
7039
7041
7042
7043
7050
7055
7057
7058
7065
7068
7070
7076
7080
7082
7086
7089
7092
7101
7103
7108
7110
7122
7123
7126
7127
7129
7136
7138
7153
7158
7162
7171
7180
7185
7186
7189
7198
7201
7202
7203
7207
7209
7212
7215
7216
7219
7221
7225
7226
7234
7245
7250
7253
7258
7260
7262
7263
7265
7277
7280
7292
7294
7301
7303
7306
7309
7310
7311
7316
7324
7331
7334
7340
7344
7347
7348
7352
7354
7360
7361
7369
7370
7372
7373
7382
7383
7388
7389
7392
7406
7409
7410
7413
7414
7418
7419
7425
7426
7430
7433
7434
7437
7439
7441
7455
7457
7460
7462
7472
7481
7485
7488
7489
7490
7495
7498
7506
7508
7517
7519
7522
7524
7529
7530
7534
7537
7540
7541
7546
7548
7554
7557
7560
7569
7573
7577
7579
7581
7582
7591
7594
7603
7605
7608
7611
7613
7621
7625
7628
7642
7645
7649
7650
7655
7662
7664
7665
7669
7670
7671
7674
7682
7685
7688
7689
7700
7701
7714
7716
7717
7720
7723
7724
7727
7729
7733
7734
7741
7744
7746
7758
7760
7762
7765
7773
7774
7776
7778
7779
7782
7783
7784
7786
7788
7789
7796
7797
7798
7802
7803
7805
7807
7808
7809
7814
7820
7823
7825
7828
7832
7839
7840
7843
7845
7848
7853
7861
7863
7869
7872
7874
7876
7877
7880
7883
7884
7885
7886
7887
7895
7905
7909
7916
7917
7921
7924
7925
7932
7935
7948
7949
7951
7977
7991
7997
7999
