500
0
5
6
11
12
14
15
17
21
32
36
37
38
41
44
46
51
54
60
66
67
76
81
82
84
89
95
102
103
104
105
109
112
113
116
126
127
128
129
132
135
136
141
144
153
157
159
162
165
169
173
175
176
187
189
191
202
208
222
225
233
235
238
241
242
243
250
251
256
261
271
272
273
282
283
287
288
292
293
294
298
305
306
328
341
347
349
352
357
364
366
368
377
383
389
394
395
402
403
406
409
412
416
419
423
433
437
443
451
452
459
465
479
487
491
492
496
501
509
511
515
520
529
530
532
537
538
541
554
564
566
572
574
575
576
578
582
584
588
592
598
600
623
626
628
635
642
647
650
651
653
659
666
669
670
672
687
691
695
699
702
704
708
717
721
724
728
729
733
734
745
758
767
774
778
779
787
793
800
807
820
833
835
840
844
853
856
858
868
870
871
872
875
878
886
888
907
908
914
915
917
918
921
925
926
928
931
933
936
941
945
947
958
961
962
965
967
969
976
978
980
981
982
988
989
991
993
994
1001
1006
1007
1011
1012
1017
1019
1020
1022
1023
1024
1027
1035
1036
1040
1046
1048
1053
1054
1055
1061
1064
1066
1069
1071
1081
1085
1086
1087
1088
1090
1091
1098
1106
1115
1116
1117
1119
1124
1125
1127
1128
1130
1131
1143
1148
1149
1155
1158
1160
1167
1168
1172
1176
1177
1179
1180
1186
1189
1190
1191
1192
1194
1195
1196
1207
1211
1213
1214
1216
1221
1224
1225
1234
1235
1236
1237
1239
1247
1253
1254
1265
1267
1274
1276
1277
1279
1284
1286
1291
1295
1304
1307
1311
1314
1315
1318
1319
1325
1332
1334
1336
1344
1354
1360
1361
1363
1368
1370
1373
1376
1388
1389
1390
1392
1395
1399
1401
1414
1417
1419
1422
1425
1426
1430
1438
1440
1441
1442
1443
1447
1450
1451
1455
1467
1469
1471
1472
1483
1484
1487
1489
1497
1498
1500
1503
1510
1521
1523
1530
1531
1532
1539
1541
1544
1547
1551
1554
1559
1562
1565
1567
1569
1575
1585
1587
1593
1595
1612
1613
1614
1616
1617
1620
1624
1627
1628
1631
1633
1634
1635
1638
1640
1660
1661
1662
1663
1667
1670
1674
1678
1680
1685
1691
1694
1699
1703
1705
1706
1711
1716
1732
1735
1736
1737
1741
1743
1744
1750
1751
1756
1758
1759
1772
1776
1777
1782
1784
1785
1786
1789
1790
1796
1801
1804
1806
1810
1817
1818
1822
1824
1826
1831
1835
1836
1844
1857
1863
1864
1867
1872
1876
1879
1884
1885
1893
1897
1900
1903
1904
1907
1909
1910
1914
1916
1923
1927
1935
1939
1948
1950
1953
1954
1957
1962
1978
1979
1983
1986
1989
1992
1994
